-4.442157890663660409e-03
-5.439132101030711743e-03
-6.516527410068095189e-03
-7.693933570307720342e-03
-1.045920255679012000e-02
-1.386803350587614142e-02
-1.799762703996760430e-02
-2.292606418033374047e-02
-3.508676783439546726e-02
-5.081503503443058484e-02
-6.591606889192927476e-02
-6.615724282409005119e-02
-6.639925113366716702e-02
-6.664209713424118497e-02
-6.688578415460340321e-02
-6.713031553882264912e-02
-6.737569464627680971e-02
-6.762192485184430335e-02
-6.786900954587506141e-02
-6.811695213432816809e-02
-6.836575603885196306e-02
-6.861542469683186429e-02
-6.886596156152227644e-02
-6.911737010208754417e-02
-6.936965380372309142e-02
-6.962281616769369630e-02
-6.987686071146927136e-02
-7.013179096876466512e-02
-7.038761048966329925e-02
-7.064432284066225753e-02
-7.090193160481947365e-02
-7.116044038176376485e-02
-7.141985278784396263e-02
-7.168017245621392808e-02
-7.194140303687351912e-02
-7.220354819678184710e-02
-7.246661162001910572e-02
-7.273059700770885538e-02
-7.299550807830440524e-02
-7.326134856755020519e-02
-7.352812222860496960e-02
-7.379583283214061207e-02
-7.406448416645501631e-02
-7.433408003753183557e-02
-7.460462426916331102e-02
-7.487612070301792599e-02
-7.514857319874164443e-02
-7.542198563408542000e-02
-7.569636190496180361e-02
-7.618675700941381079e-02
-7.667969195037156738e-02
-7.717452107506214687e-02
-7.767125232599890461e-02
-7.816989368357811496e-02
-7.867045316627260809e-02
-7.917293883074749683e-02
-7.967735877221046592e-02
-8.018372112450596056e-02
-8.069203406036856707e-02
-8.120230579167699025e-02
-8.171454456954145573e-02
-8.222875868463122573e-02
-8.274495646736707011e-02
-8.326314628810199681e-02
-8.378333655736129593e-02
-8.430553572606068469e-02
-8.482975228570088788e-02
-8.535599476864383361e-02
-8.588427174825968846e-02
-8.641459183924846132e-02
-8.694696369774444766e-02
-8.748139602163129691e-02
-8.801789755075226096e-02
-8.855647706713053180e-02
-8.909714339517853243e-02
-8.963990540198488177e-02
-9.018477199748459183e-02
-9.073175213470713318e-02
-9.128085481009763635e-02
-9.183208906361091384e-02
-9.238546397906570451e-02
-9.294098868432769389e-02
-9.349867235158720868e-02
-9.405852419753699123e-02
-9.462055348373812902e-02
-9.518476951671825392e-02
-9.575118164833096301e-02
-9.631979927596531765e-02
-9.689063184279197993e-02
-9.746368883802027094e-02
-9.803897979716516553e-02
-9.861651430228123016e-02
-9.919630198223665374e-02
-9.977835251298020069e-02
-1.003626756177506685e-01
-1.009492810674079977e-01
-1.015381786806662384e-01
-1.021293783243511916e-01
-1.027228899136558987e-01
-1.033187234124491594e-01
-1.039168888335341850e-01
-1.045173962388721012e-01
-1.051202557399354004e-01
-1.057254774979056317e-01
-1.063330717240226486e-01
-1.069430486798085972e-01
-1.075554186773610421e-01
-1.081701920796495214e-01
-1.087873793007962109e-01
-1.094069908063468322e-01
-1.100290371135994871e-01
-1.106535287918147120e-01
-1.112804764625975190e-01
-1.119098908001030929e-01
-1.125417825314303510e-01
-1.131761624368355368e-01
-1.138130413500645782e-01
-1.144524301586457571e-01
-1.150943398042011401e-01
-1.157387812827602031e-01
-1.163857656450030392e-01
-1.170353039966811476e-01
-1.176874074988177032e-01
-1.183420873680732510e-01
-1.189993548770799381e-01
-1.196592213546851247e-01
-1.203216981863479140e-01
-1.209867968143837902e-01
-1.216545287383863777e-01
-1.223249055154551762e-01
-1.229979387605340813e-01
-1.236736401468476187e-01
-1.243520214060396950e-01
-1.250330943286944718e-01
-1.257168707645541228e-01
-1.264033626229192075e-01
-1.270925818729230217e-01
-1.277845405439292370e-01
-1.284792507258537830e-01
-1.291767245695210620e-01
-1.298769742869777810e-01
-1.305800121518765622e-01
-1.312858504998268283e-01
-1.319945017287265099e-01
-1.327059782991283077e-01
-1.334202927346277989e-01
-1.341374576221573411e-01
-1.348574856124192534e-01
-1.355803894202108895e-01
-1.370348756703326232e-01
-1.377664838661053215e-01
-1.385010193870587492e-01
-1.392384952740841619e-01
-1.399789246344289861e-01
-1.407223206420636641e-01
-1.414686965380701211e-01
-1.422180656310625957e-01
-1.429704412975175143e-01
-1.437258369821950432e-01
-1.444842661985611953e-01
-1.452457425291379389e-01
-1.460102796259388214e-01
-1.467778912108312350e-01
-1.475485910760114538e-01
-1.483223930843184935e-01
-1.490993111697392348e-01
-1.498793593377408251e-01
-1.506625516657508768e-01
-1.514489023035196780e-01
-1.522384254735904274e-01
-1.530311354716829553e-01
-1.538270466671678438e-01
-1.546261735034427653e-01
-1.554285304983673843e-01
-1.562341322447890757e-01
-1.570429934108249215e-01
-1.578551287404804382e-01
-1.586705530539128661e-01
-1.594892812480312450e-01
-1.603113282968418041e-01
-1.611367092519656041e-01
-1.619654392430631973e-01
-1.627975334782696681e-01
-1.636330072447196304e-01
-1.644718759089682514e-01
-1.653141549174518554e-01
-1.661598597969786706e-01
-1.670090061552007010e-01
-1.678616096810991720e-01
-1.687176861454010024e-01
-1.695772514011890664e-01
-1.704403213842389520e-01
-1.713069121136203132e-01
-1.721770396921591395e-01
-1.730507203068653299e-01
-1.739279702295662977e-01
-1.748088058172936332e-01
-1.756932435128278069e-01
-1.765812998452286064e-01
-1.774729914303028455e-01
-1.783683349711635557e-01
-1.792673472587211214e-01
-1.801700451722219321e-01
-1.810764456797795408e-01
-1.819865658388475915e-01
-1.829004227968710206e-01
-1.838180337916835994e-01
-1.847394161521635492e-01
-1.856645872986942003e-01
-1.865935647437553246e-01
-1.875263660925028941e-01
-1.884630090432286575e-01
-1.894035113880155885e-01
-1.903478910132689050e-01
-1.912961659002441195e-01
-1.922483541256519712e-01
-1.932044738622563096e-01
-1.941645433794186582e-01
-1.951285810436456936e-01
-1.960966053192601255e-01
-1.970686347689184215e-01
-1.980446880542580668e-01
-1.990247839364304439e-01
-2.000089412767585006e-01
-2.009971790373114298e-01
-2.019895162815538714e-01
-2.029859721748823453e-01
-2.039865659853459245e-01
-2.054120966703090190e-01
-2.069962641663952163e-01
-2.085874084724392286e-01
-2.101855629179732732e-01
-2.117907610125658868e-01
-2.134030364468231800e-01
-2.150224230935476322e-01
-2.166489550088019356e-01
-2.182826664330634603e-01
-2.199235917923379191e-01
-2.215717656992546025e-01
-2.232272229542364705e-01
-2.248899985466402962e-01
-2.265601276559104371e-01
-2.282376456527203945e-01
-2.299225881001480398e-01
-2.316149907548759324e-01
-2.333148895683681001e-01
-2.350223206880019955e-01
-2.367373204583672341e-01
-2.384599254224003817e-01
-2.401901723226277097e-01
-2.419280981023909372e-01
-2.436737399070551535e-01
-2.454271350852866018e-01
-2.471883211903054822e-01
-2.489573359810920150e-01
-2.507342174237051080e-01
-2.525190036925349379e-01
-2.543117331715708529e-01
-2.561124444557468793e-01
-2.579211763522039069e-01
-2.597379678815880943e-01
-2.615628582794122248e-01
-2.633958869973517247e-01
-2.652370937045595012e-01
-2.670865182891123402e-01
-2.689442008592540234e-01
-2.708101817448037574e-01
-2.726845014985656568e-01
-2.745672008976329237e-01
-2.764583209448828738e-01
-2.783579028702828917e-01
-2.802659881323738555e-01
-2.821826184196408183e-01
-2.841078356520105874e-01
-2.860416819821964829e-01
-2.879841997972735768e-01
-2.899354317199873132e-01
-2.918954206104096838e-01
-2.938642095672477361e-01
-2.958418419294550628e-01
-2.978283612776824185e-01
-2.998238114358107720e-01
-3.018282364724182432e-01
-3.038416807024429955e-01
-3.058641886885685723e-01
-3.078958052428957815e-01
-3.099365754284620911e-01
-3.119865445608594468e-01
-3.140457582097324063e-01
-3.161142622004786129e-01
-3.181921026157929488e-01
-3.202793257973414187e-01
-3.223759783473243989e-01
-3.244821071302007587e-01
-3.265977592742859148e-01
-3.287229821734386492e-01
-3.308578234887347147e-01
-3.330023311501536520e-01
-3.351565533583275580e-01
-3.373205385861680616e-01
-3.394943355806729346e-01
-3.416779933646125200e-01
-3.438715612383291265e-01
-3.460750887814217913e-01
-3.482886258546233904e-01
-3.505122226015178755e-01
-3.527459294503078047e-01
-3.549897971157564558e-01
-3.572438766008915190e-01
-3.595082191988754339e-01
-3.617828764948873843e-01
-3.640679003679713199e-01
-3.663633429928634944e-01
-3.686692568419988603e-01
-3.709856946872732153e-01
-3.733127096020865676e-01
-3.756503549631485250e-01
-3.779986844525889955e-01
-3.803577520597502537e-01
-3.827276120832338591e-01
-3.851083191328799615e-01
-3.874999281318126099e-01
-3.899024943183472258e-01
-3.923160732481273394e-01
-3.947407207960842990e-01
-3.971764931585622382e-01
-3.996234468553325203e-01
-4.020816387317430740e-01
-4.045511259607174614e-01
-4.070319660450091859e-01
-4.095242168192143595e-01
-4.120279364519647269e-01
-4.145431834481352329e-01
-4.170700166508954365e-01
-4.196084952440333193e-01
-4.221586787541214414e-01
-4.247206270526728278e-01
-4.272944003585037454e-01
-4.298800592398749898e-01
-4.324776646168539407e-01
-4.350872777635174105e-01
-4.377089603103153093e-01
-4.403427742463844607e-01
-4.429887819218803480e-01
-4.456470460503376696e-01
-4.483176297109970898e-01
-4.510005963512377369e-01
-4.536960097890034294e-01
-4.564039342151716139e-01
-4.591244341960294961e-01
-4.618575746757049294e-01
-4.657949824810162509e-01
-4.702219596957595282e-01
-4.746706313513482378e-01
-4.791411111296398073e-01
-4.836335133767709071e-01
-4.881479531072783207e-01
-4.926845460085794715e-01
-4.972434084452176384e-01
-5.018246574631928247e-01
-5.064284107944799773e-01
-5.203758843690813318e-01
-5.250708461465385390e-01
-5.297889113415170659e-01
-5.345302018954892764e-01
-5.392948404673774121e-01
-5.440829504383821735e-01
-5.488946559165310823e-01
-5.537300817414519960e-01
-5.585893534891249734e-01
-5.634725974765986134e-01
-5.683799407669116732e-01
-5.733115111738185110e-01
-5.782674372667181428e-01
-5.832478483756187160e-01
-5.882528745959608729e-01
-5.932826467937334369e-01
-5.983372966104049118e-01
-6.034169564679506825e-01
-6.085217595740489704e-01
-6.136518399270814994e-01
-6.188073323213855170e-01
-6.239883723523489412e-01
-6.291950964217537523e-01
-6.344276417429033366e-01
-6.396861463460762343e-01
-6.449707490837229829e-01
-6.502815896359641634e-01
-6.556188085158715095e-01
-6.609825470750561038e-01
-6.663729475090697241e-01
-6.717901528629417474e-01
-6.772343070367454754e-01
-6.827055547912473932e-01
-6.882040417534620591e-01
-6.992833201749512062e-01
-7.048644072711152120e-01
-7.104733248604433449e-01
-7.161102229875012659e-01
-7.217752525978312628e-01
-7.274685655439255827e-01
-7.331903145911333741e-01
-7.389406534237141777e-01
-7.447197366508462313e-01
-7.505277198127099370e-01
-7.563647593866857921e-01
-7.622310127934842638e-01
-7.681266384033376138e-01
-7.740517955423225072e-01
-7.800066444986316627e-01
-7.859913465288996814e-01
-7.920060638646646556e-01
-7.980509597187729343e-01
-8.041261982917961015e-01
-8.102319447786705542e-01
-8.163683653752246139e-01
-8.225356272847695882e-01
-8.287338987248170641e-01
-8.349633489337188186e-01
-8.412241481775228902e-01
-8.475164677566873195e-01
-8.538404800130033889e-01
-8.601963583364673482e-01
-8.665842771721902205e-01
-8.730044120274738084e-01
-8.794569394788136485e-01
-8.859420371789853421e-01
-8.924598838641994991e-01
-8.990106593613098607e-01
-9.055945445950173145e-01
-9.122117215952320057e-01
-9.188623735043487395e-01
-9.255466845846873625e-01
-9.322648402258988387e-01
-9.390170269525384139e-01
-9.458034324315351959e-01
-9.526242454798177217e-01
-9.594796560720459944e-01
-9.663698553481667730e-01
-9.732950356213467824e-01
-9.802553903856671136e-01
-9.872511143240604303e-01
-9.942824033161821173e-01
-1.001349454446462284e+00
-1.008452466012077053e+00
-1.015591637531073177e+00
-1.022767169750502969e+00
-1.029979264654613980e+00
-1.037228125473165452e+00
-1.044513956689701484e+00
-1.051836964049891465e+00
-1.059197354570032168e+00
-1.066595336545526740e+00
-1.074031119559394121e+00
-1.081504914490890590e+00
-1.089016933524243891e+00
-1.096567390157259458e+00
-1.104156499210204423e+00
-1.111784476834632329e+00
-1.119451540522293120e+00
-1.127157909114058443e+00
-1.134903802809035245e+00
-1.142689443173600106e+00
-1.150515053150557243e+00
-1.158380857068404213e+00
-1.174233951024803879e+00
-1.182221696732500105e+00
-1.190250547738249676e+00
-1.198320735439424078e+00
-1.206432492675631574e+00
-1.214586053738510696e+00
-1.222781654381465799e+00
-1.231019531829373070e+00
-1.239299924788547447e+00
-1.247623073456623599e+00
-1.255989219532624324e+00
-1.264398606226958321e+00
-1.272851478271570524e+00
-1.281348081930254290e+00
-1.289888665008770641e+00
-1.420503329102299039e+00
-1.754879792591534482e+00
-2.198602619667557434e+00
-2.726130742636090343e+00
