7.332018762826919556e-02
1.344543788582086563e-02
7.707572542130947113e-03
5.347738508135080338e-03
4.620729479938745499e-03
4.165856167674064636e-03
3.926223609596490860e-03
3.683804301545023918e-03
3.516439581289887428e-03
3.391981590539216995e-03
3.310259664431214333e-03
3.241169964894652367e-03
3.106741933152079582e-03
3.025841666385531425e-03
2.965129911899566650e-03
2.950436202809214592e-03
2.904463792219758034e-03
2.934834454208612442e-03
2.810826757922768593e-03
2.854270627722144127e-03
2.776417182758450508e-03
2.744797850027680397e-03
2.723872195929288864e-03
2.704264828935265541e-03
2.626104047521948814e-03
2.622263273224234581e-03
2.608458977192640305e-03
2.587847411632537842e-03
2.595302416011691093e-03
2.518773777410387993e-03
2.545017749071121216e-03
2.504080533981323242e-03
2.515137661248445511e-03
2.492424799129366875e-03
2.502047689631581306e-03
2.487027086317539215e-03
2.455842215567827225e-03
2.464842284098267555e-03
2.465347060933709145e-03
2.487058751285076141e-03
2.473996253684163094e-03
2.455967012792825699e-03
2.475846791639924049e-03
2.453950000926852226e-03
2.424000762403011322e-03
2.460307441651821136e-03
2.435036003589630127e-03
2.456662943586707115e-03
2.431986620649695396e-03
2.424559555947780609e-03
2.413940615952014923e-03
2.434546826407313347e-03
2.406353829428553581e-03
2.408975968137383461e-03
2.414958784356713295e-03
