6.000000000000000000e+00
7.000000000000000000e+00
8.000000000000000000e+00
9.000000000000000000e+00
1.000000000000000000e+01
1.100000000000000000e+01
1.200000000000000000e+01
1.300000000000000000e+01
1.400000000000000000e+01
1.500000000000000000e+01
1.581624864474159864e+01
1.582841229656419557e+01
1.584059355772710731e+01
1.585279246649764673e+01
1.586500906125407795e+01
1.587724338048603556e+01
1.588949546279491898e+01
1.590176534689429744e+01
1.591405307161032212e+01
1.592635867588213827e+01
1.593868219876228665e+01
1.595102367941712274e+01
1.596338315712723244e+01
1.597576067128785127e+01
1.598815626140927293e+01
1.600056996711728274e+01
1.601300182815356621e+01
1.602545188437614243e+01
1.603792017575979401e+01
1.605040674239648268e+01
1.606291162449578280e+01
1.607543486238532182e+01
1.608797649651119954e+01
1.610053656743844286e+01
1.611311511585141432e+01
1.612571218255428818e+01
1.613832780847145543e+01
1.615096203464799274e+01
1.616361490225009234e+01
1.617628645256552389e+01
1.618897672700406432e+01
1.620168576709796682e+01
1.621441361450240493e+01
1.622716031099592726e+01
1.623992589848091939e+01
1.625271041898405500e+01
1.626551391465677199e+01
1.627833642777571654e+01
1.629117800074321920e+01
1.630403867608776380e+01
1.631691849646446002e+01
1.632981750465549453e+01
1.634273574357062842e+01
1.635567325624766966e+01
1.636863008585293144e+01
1.638160627568173311e+01
1.639460186915887974e+01
1.640761690983913113e+01
1.642065144140771338e+01
1.643370550768078076e+01
1.644677915260592371e+01
1.645987242026266273e+01
1.647298535486293503e+01
1.648611800075159550e+01
1.649927040240692122e+01
1.651244260444109813e+01
1.652563465160075395e+01
1.653884658876743430e+01
1.655207846095812840e+01
1.656533031332578432e+01
1.657860219115980271e+01
1.659189413988657691e+01
1.660520620506999734e+01
1.661853843241196671e+01
1.663189086775293646e+01
1.664526355707243255e+01
1.665865654648956351e+01
1.667206988226357822e+01
1.668550361079437394e+01
1.669895777862305053e+01
1.671243243243243271e+01
1.672592761904762071e+01
1.673944338543652322e+01
1.675297977871041510e+01
1.676653684612447393e+01
1.678011463507833412e+01
1.679371319311663413e+01
1.680733256792958130e+01
1.682097280735350608e+01
1.683463395937140561e+01
1.684831607211354054e+01
1.686201919385796444e+01
1.687574337303111705e+01
1.688948865820838208e+01
1.690325509811465921e+01
1.691704274162495025e+01
1.693085163776493118e+01
1.694468183571153119e+01
1.695853338479351535e+01
1.697240633449208147e+01
1.698630073444143918e+01
1.700021663442939968e+01
1.701415408439798682e+01
1.702811313444401264e+01
1.704209383481969908e+01
1.705609623593325708e+01
1.707012038834951539e+01
1.708416634279051749e+01
1.709823415013613257e+01
1.711232386142467732e+01
1.712643552785352696e+01
1.714056920077972634e+01
1.715472493172064006e+01
1.716890277235454931e+01
1.718310277452129853e+01
1.719732499022291705e+01
1.721156947162426576e+01
1.722583627105366233e+01
1.724012544100352784e+01
1.725443703413103336e+01
1.726877110325873588e+01
1.728312770137524623e+01
1.729750688163586148e+01
1.731190869736324345e+01
1.732633320204805116e+01
1.734078044934962648e+01
1.735525049309664780e+01
1.736974338728780154e+01
1.738425918609245358e+01
1.739879794385132428e+01
1.741335971507716707e+01
1.742794455445544699e+01
1.744255251684502639e+01
1.745718365727885768e+01
1.747183803096466903e+01
1.748651569328565714e+01
1.750121669980119421e+01
1.751594110624751366e+01
1.753068896853843128e+01
1.754546034276604161e+01
1.756025528520143553e+01
1.757507385229541086e+01
1.758991610067918643e+01
1.760478208716513393e+01
1.761967186874749913e+01
1.763458550260312308e+01
1.764952304609218459e+01
1.766448455675892504e+01
1.767947009233239797e+01
1.770951347004422871e+01
1.772457142857142998e+01
1.773965364478453566e+01
1.775476017734784406e+01
1.776989108511496696e+01
1.778504642712959338e+01
1.780022626262626417e+01
1.781543065103113577e+01
1.783065965196276892e+01
1.784591332523288898e+01
1.786119173084718170e+01
1.787649492900608550e+01
1.789182298010556238e+01
1.790717594473791152e+01
1.792255388369255797e+01
1.793795685795685912e+01
1.795338492871690406e+01
1.796883815735833778e+01
1.798431660546715705e+01
1.799982033483054167e+01
1.801534940743767876e+01
1.803090388548057277e+01
1.804648383135489098e+01
1.806208930766079490e+01
1.807772037720377156e+01
1.809337710299548618e+01
1.810905954825462061e+01
1.812476777640772596e+01
1.814050185109008595e+01
1.815626183614656242e+01
1.817204779563246930e+01
1.818785979381443241e+01
1.820369789517127401e+01
1.821956216439487974e+01
1.823545266639106899e+01
1.825136946628051149e+01
1.826731262939958711e+01
1.828328222130128466e+01
1.829927830775611852e+01
1.831530095475300968e+01
1.833135022850020945e+01
1.834742619542619479e+01
1.836352892218060617e+01
1.837965847563515354e+01
1.839581492288453646e+01
1.841199833124739271e+01
1.842820876826722198e+01
1.844444630171333088e+01
1.846071099958176376e+01
1.847700293009627615e+01
1.849332216170925847e+01
1.850966876310272369e+01
1.852604280318925589e+01
1.854244435111297662e+01
1.855887347625052541e+01
1.857533024821203327e+01
1.859181473684210673e+01
1.860832701222081909e+01
1.862486714466469806e+01
1.864143520472773474e+01
1.865803126320236416e+01
1.867465539112050621e+01
1.869130765975454977e+01
1.870798814061838300e+01
1.872469690546842003e+01
1.874143402630462418e+01
1.875819957537154892e+01
1.877499362515937165e+01
1.879181624840493470e+01
1.880866751809280402e+01
1.882554750745632788e+01
1.884245628997867783e+01
1.885939393939393938e+01
1.887636052968816713e+01
1.889335613510047196e+01
1.891038083012409032e+01
1.892743468950749630e+01
1.894451778825546384e+01
1.896163020163020008e+01
1.897877200515242535e+01
1.899594327460249232e+01
1.901314408602150507e+01
1.903037451571244176e+01
1.904763464024127373e+01
1.906492453643812013e+01
1.908224428139835993e+01
1.909959395248380076e+01
1.911697362732382288e+01
1.913438338381653026e+01
1.915182330012992651e+01
1.916929345470307666e+01
1.918679392624729019e+01
1.920432479374728629e+01
1.922188613646240896e+01
1.923947803392779576e+01
1.925710056595559294e+01
1.927475381263616683e+01
1.929243785433929403e+01
1.931015277171540845e+01
1.932789864569680915e+01
1.934567555749890744e+01
1.936348358862144536e+01
1.938132282084976055e+01
1.939919333625602960e+01
1.941709521720052578e+01
1.943502854633289445e+01
1.945299340659340714e+01
1.947098988121425478e+01
1.948901805372082663e+01
1.950707800793301061e+01
1.952516982796647582e+01
1.954329359823399415e+01
1.956144940344675121e+01
1.957963732861565731e+01
1.959785745905267973e+01
1.961610988037217496e+01
1.963439467849223874e+01
1.965271193963604190e+01
1.967106175033318394e+01
1.968944419742107499e+01
1.970785936804628236e+01
1.972630734966592314e+01
1.974478823004904271e+01
1.976330209727800025e+01
1.978184903974988984e+01
1.980042914617791538e+01
1.981904250559284009e+01
1.983768920734437913e+01
1.985636934110264562e+01
1.987508299685957880e+01
1.989383026493040063e+01
1.991261123595505467e+01
1.993142600089968397e+01
1.995027465105808062e+01
1.996915727805317786e+01
1.998807397383852091e+01
2.000702483069977333e+01
2.002600994125621270e+01
2.004502939846223342e+01
2.006408329560887438e+01
2.008317172632532888e+01
2.010229478458049712e+01
2.012145256468452104e+01
2.014064516129032256e+01
2.015987266939518108e+01
2.017913518434228592e+01
2.019843280182232448e+01
2.021776561787505599e+01
2.023713372889091744e+01
2.025653723161260800e+01
2.027597622313671621e+01
2.029545080091533293e+01
2.031496106275767133e+01
2.033450710683172957e+01
2.035408903166590022e+01
2.037370693615066486e+01
2.039336091954022834e+01
2.041305108145420988e+01
2.043277752187931995e+01
2.045254034117104780e+01
2.047233964005537743e+01
2.049217551963048578e+01
2.051204808136846935e+01
2.053195742711707439e+01
2.055190365910143413e+01
2.057188687992582388e+01
2.059190719257540536e+01
2.061196470041802087e+01
2.063205950720595183e+01
2.065219171707770940e+01
2.067236143455984987e+01
2.069256876456876526e+01
2.071281381241250585e+01
2.073309668379262050e+01
2.075341748480598270e+01
2.077377632194665580e+01
2.079417330210772974e+01
2.081460853258321464e+01
2.083508212106992019e+01
2.085559417566932794e+01
2.087614480488951685e+01
2.089673411764706046e+01
2.091736222326895955e+01
2.093802923149457840e+01
2.095873525247758451e+01
2.097948039678790622e+01
2.100026477541371150e+01
2.102108849976336913e+01
2.104195168166745589e+01
2.106285443338074970e+01
2.108379686758424398e+01
2.110477909738717273e+01
2.112580123632905327e+01
2.114686339838172202e+01
2.116796569795140570e+01
2.118910824988078190e+01
2.121029116945107518e+01
2.123151457238413897e+01
2.125277857484457300e+01
2.127408329344183713e+01
2.129542884523239010e+01
2.131681534772182118e+01
2.133824291886701729e+01
2.135971167707832663e+01
2.138122174122174002e+01
2.140277323062108650e+01
2.142436626506023956e+01
2.144600096478533402e+01
2.146767745050700071e+01
2.148939584340260822e+01
2.151115626511852952e+01
2.153295883777239794e+01
2.159862068965517068e+01
2.162059309674283014e+01
2.164260827250608443e+01
2.166466634193862717e+01
2.168676743052169797e+01
2.170891166422645213e+01
2.173109916951636578e+01
2.175333007334963398e+01
2.177560450318159724e+01
2.179792258696717155e+01
2.182028445316331400e+01
2.184269023073146698e+01
2.186514004914004872e+01
2.188763403836694366e+01
2.191017232890201782e+01
2.193275505174963058e+01
2.195538233843117837e+01
2.197805432098765266e+01
2.200077113198220502e+01
2.202353290450272283e+01
2.204633977216443697e+01
2.206919186911254371e+01
2.209208933002481245e+01
2.211503229011425731e+01
2.213802088513177679e+01
2.216105525136883969e+01
2.218413552566018865e+01
2.220726184538653314e+01
2.223043434847728506e+01
2.225365317341329430e+01
2.227691845922961633e+01
2.230023034551827621e+01
2.232358897243107876e+01
2.234699448068238681e+01
2.239394670688788480e+01
2.241749370910920902e+01
2.244108816120906624e+01
2.246473020675743726e+01
2.248841998990408797e+01
2.251215765538150748e+01
2.253594334850783909e+01
2.255977721518987167e+01
2.258365940192600263e+01
2.260759005580923287e+01
2.263156932453021852e+01
2.265559735638027306e+01
2.267967430025445452e+01
2.270380030565461027e+01
2.272797552269250332e+01
2.275220010209290322e+01
2.277647419519673022e+01
2.280079795396419584e+01
2.282517153097798257e+01
2.284959507944643775e+01
2.287406875320677102e+01
2.289859270672830149e+01
2.292316709511568007e+01
2.294779207411219701e+01
2.297246780010303979e+01
2.299719443011861841e+01
2.302197212183789432e+01
2.304680103359173060e+01
2.307168132436627062e+01
2.309661315380631663e+01
2.312159668221876530e+01
2.314663207057602534e+01
2.317171948051948149e+01
2.319685907436297612e+01
2.322205101509630509e+01
2.324729546638874567e+01
2.327259259259259139e+01
2.329794255874673681e+01
2.332334553058024085e+01
2.334880167451596122e+01
2.337431115767417467e+01
2.339987414787624687e+01
2.342549081364829533e+01
2.345116132422490907e+01
2.347688584955286828e+01
2.350266456029489248e+01
2.352849762783342058e+01
2.355438522427440518e+01
2.358032752245113528e+01
2.360632469592808036e+01
2.363237691900476278e+01
2.365848436671966226e+01
2.368464721485411317e+01
2.371086563993627294e+01
2.373713981924508332e+01
2.376346993081426362e+01
2.378985615343633597e+01
2.381629866666666828e+01
2.384279765082754921e+01
2.386935328701229153e+01
2.389596575708935333e+01
2.392263524370648042e+01
2.394936193029490568e+01
2.397614600107353766e+01
2.400298764105319549e+01
2.402988703604088272e+01
2.405684437264405062e+01
2.408385983827493249e+01
2.411093362115488503e+01
2.413806591031874760e+01
2.419250676773145514e+01
2.421981571815718226e+01
2.424718393922951876e+01
2.427461162411732687e+01
2.430209896682979931e+01
2.432964616222101384e+01
2.435725340599455180e+01
2.438492089470812729e+01
2.441264882577826256e+01
2.444043739748496336e+01
2.446828680897646535e+01
2.449619726027397348e+01
2.452416895227646876e+01
2.455220208676551508e+01
2.458029686641011580e+01
2.500000000000000000e+01
2.600000000000000000e+01
2.700000000000000000e+01
2.800000000000000000e+01
