7.936706e-01 3.635043e-01 1.848989e-01 1.078739e-01 9.810368e-02 9.485904e-02 1.107341e-01 1.432907e-01 1.922799e-01 2.921875e-01
3.272914e-01 2.009215e-01 1.499831e-01 9.861541e-02 9.263205e-02 9.715143e-02 1.091300e-01 1.502762e-01 2.054836e-01 2.860483e-01
1.552260e-01 1.220693e-01 9.682514e-02 8.622160e-02 8.365585e-02 9.508026e-02 1.004748e-01 1.438709e-01 1.884687e-01 2.866316e-01
7.509483e-02 8.925185e-02 6.789918e-02 7.773382e-02 7.459829e-02 9.451694e-02 1.083042e-01 1.523205e-01 1.871788e-01 2.772365e-01
6.003775e-02 6.696345e-02 6.569866e-02 6.887445e-02 7.068166e-02 7.616687e-02 1.098735e-01 1.602110e-01 1.962407e-01 2.811036e-01
3.214992e-02 5.214449e-02 5.447239e-02 6.228068e-02 6.668130e-02 7.746531e-02 9.332246e-02 1.399966e-01 2.056575e-01 2.760287e-01
4.353256e-02 5.135487e-02 5.052504e-02 5.778651e-02 6.719086e-02 8.049521e-02 9.746761e-02 1.478745e-01 2.066393e-01 2.914998e-01
3.091162e-02 4.725827e-02 5.412305e-02 5.136027e-02 6.949381e-02 7.411339e-02 1.015201e-01 1.493985e-01 1.787227e-01 2.870242e-01
2.189433e-02 4.507473e-02 5.189910e-02 4.905918e-02 7.058730e-02 7.275596e-02 1.005191e-01 1.424648e-01 1.888038e-01 2.889039e-01
2.375002e-02 3.511457e-02 5.166655e-02 5.165684e-02 6.144518e-02 7.382000e-02 9.927930e-02 1.290255e-01 2.032514e-01 3.002399e-01
