2.157477e-01 1.418415e-01 1.257840e-01 1.074473e-01 1.005345e-01 1.297533e-01 1.593839e-01 2.398294e-01 3.433865e-01 4.973031e-01
1.748981e-01 1.214335e-01 1.141087e-01 9.925437e-02 1.052163e-01 1.212496e-01 1.658211e-01 2.422342e-01 3.503055e-01 4.980250e-01
9.403045e-02 8.411153e-02 8.603293e-02 9.127452e-02 1.088264e-01 1.323162e-01 1.672389e-01 2.355984e-01 3.616182e-01 5.320302e-01
8.291375e-02 7.164329e-02 8.517090e-02 8.709245e-02 1.059878e-01 1.182738e-01 1.761808e-01 2.555802e-01 3.410129e-01 5.140811e-01
6.794232e-02 6.963679e-02 6.391677e-02 7.111705e-02 9.883490e-02 1.080574e-01 1.651796e-01 2.364101e-01 3.534070e-01 4.646711e-01
4.202472e-02 5.696549e-02 7.530845e-02 7.438113e-02 9.330289e-02 1.097997e-01 1.642904e-01 2.293953e-01 3.562983e-01 4.958941e-01
3.941433e-02 5.514863e-02 6.469195e-02 6.935553e-02 8.970709e-02 1.092960e-01 1.616019e-01 2.262377e-01 3.674873e-01 4.914848e-01
3.396197e-02 5.812718e-02 6.376811e-02 6.338180e-02 8.376092e-02 1.165634e-01 1.702191e-01 2.272820e-01 3.656811e-01 5.036124e-01
3.474185e-02 5.045888e-02 5.226355e-02 6.963832e-02 7.882150e-02 1.010489e-01 1.503540e-01 2.218645e-01 3.365714e-01 4.767682e-01
3.219559e-02 5.131592e-02 5.374584e-02 6.429766e-02 7.806954e-02 1.064966e-01 1.583581e-01 2.348382e-01 3.286430e-01 4.618519e-01
