1.524456e-02 3.038031e-02 3.254525e-02 3.880736e-02 4.638180e-02 5.642320e-02 7.024315e-02 9.304168e-02 1.247883e-01 1.754551e-01
1.598753e-02 3.026979e-02 3.418626e-02 3.920015e-02 4.654052e-02 5.640070e-02 7.102636e-02 9.205229e-02 1.246302e-01 1.727352e-01
1.605582e-02 3.046646e-02 3.428425e-02 3.908407e-02 4.523588e-02 5.675709e-02 7.054957e-02 9.200983e-02 1.274571e-01 1.705547e-01
1.631295e-02 3.081483e-02 3.283936e-02 3.994876e-02 4.624808e-02 5.671392e-02 7.239541e-02 9.233738e-02 1.293423e-01 1.728739e-01
1.594315e-02 3.115365e-02 3.527897e-02 3.953802e-02 4.623929e-02 5.687375e-02 7.054167e-02 9.077672e-02 1.255965e-01 1.736975e-01
1.509631e-02 2.850636e-02 3.516364e-02 3.839576e-02 4.589349e-02 5.697067e-02 7.327906e-02 8.959075e-02 1.268453e-01 1.705425e-01
1.498519e-02 2.927774e-02 3.546466e-02 3.936471e-02 4.651942e-02 5.705088e-02 7.040249e-02 9.004740e-02 1.267153e-01 1.730198e-01
1.455460e-02 3.066467e-02 3.571013e-02 3.842674e-02 4.644711e-02 5.666697e-02 7.043487e-02 8.801404e-02 1.268565e-01 1.699241e-01
1.419834e-02 3.127829e-02 3.559134e-02 4.018907e-02 4.506264e-02 5.617932e-02 7.266883e-02 8.881711e-02 1.221869e-01 1.703289e-01
1.375148e-02 3.086204e-02 3.484132e-02 4.011807e-02 4.414483e-02 5.490759e-02 7.076137e-02 9.286297e-02 1.240255e-01 1.735606e-01
