1.130602e-01 9.486369e-02 8.375556e-02 8.540814e-02 8.508268e-02 9.109402e-02 1.090935e-01 1.485279e-01 2.007252e-01 2.844490e-01
6.713703e-02 7.368303e-02 7.612965e-02 7.879292e-02 8.282284e-02 9.504241e-02 1.066880e-01 1.408408e-01 2.041042e-01 2.788886e-01
7.101797e-02 7.668859e-02 6.722438e-02 6.316502e-02 7.220123e-02 8.970028e-02 1.049989e-01 1.541229e-01 2.055356e-01 2.835105e-01
5.821023e-02 7.309145e-02 6.533929e-02 6.614071e-02 7.637285e-02 8.455768e-02 1.048034e-01 1.427087e-01 1.942847e-01 2.877616e-01
4.153522e-02 5.809390e-02 5.828244e-02 6.413095e-02 7.270383e-02 8.692123e-02 1.040826e-01 1.368032e-01 1.950049e-01 3.114771e-01
3.985973e-02 4.716577e-02 5.474348e-02 6.017156e-02 7.685961e-02 7.970886e-02 1.053232e-01 1.442706e-01 2.121933e-01 2.871082e-01
3.319801e-02 4.693602e-02 5.282854e-02 6.032099e-02 6.621226e-02 8.529275e-02 1.054883e-01 1.352572e-01 1.991117e-01 2.993667e-01
2.122805e-02 4.404420e-02 5.183442e-02 5.639496e-02 6.366878e-02 8.384364e-02 1.011775e-01 1.356653e-01 2.042834e-01 2.933804e-01
2.530676e-02 4.653132e-02 4.843208e-02 5.677690e-02 6.087385e-02 8.878816e-02 1.022106e-01 1.411361e-01 1.950848e-01 2.905439e-01
2.843277e-02 4.064344e-02 4.864258e-02 5.474718e-02 6.206759e-02 7.708382e-02 1.002934e-01 1.482805e-01 1.976464e-01 2.815654e-01
