2.855639e-01 1.367167e-01 7.324484e-02 5.751258e-02 5.674710e-02 5.977827e-02 7.402024e-02 1.023200e-01 1.240230e-01 1.692167e-01
1.021429e-01 1.038662e-01 6.377680e-02 5.365820e-02 5.751373e-02 5.991706e-02 6.767201e-02 9.771112e-02 1.279945e-01 1.675720e-01
7.473254e-02 6.929394e-02 5.717613e-02 4.476705e-02 5.850286e-02 6.044369e-02 7.179302e-02 9.483549e-02 1.278400e-01 1.617904e-01
4.347510e-02 5.467676e-02 4.884430e-02 4.438973e-02 4.727593e-02 5.800799e-02 7.327437e-02 9.193848e-02 1.294833e-01 1.602774e-01
2.719013e-02 3.989354e-02 4.350328e-02 4.673299e-02 4.840030e-02 5.924439e-02 7.818921e-02 1.025926e-01 1.280555e-01 1.674011e-01
2.094195e-02 3.712733e-02 4.122434e-02 4.299916e-02 4.761630e-02 6.054189e-02 7.976643e-02 9.674359e-02 1.227933e-01 1.723101e-01
1.921450e-02 3.824194e-02 4.064073e-02 4.921436e-02 4.746370e-02 5.547870e-02 7.341263e-02 9.172089e-02 1.226359e-01 1.787934e-01
1.680409e-02 3.549264e-02 3.923225e-02 4.670140e-02 4.582936e-02 5.990977e-02 7.079209e-02 9.383750e-02 1.227377e-01 1.865568e-01
1.763131e-02 3.345196e-02 3.925836e-02 4.518775e-02 4.779543e-02 5.669185e-02 6.976058e-02 8.991892e-02 1.269550e-01 1.843087e-01
1.520216e-02 3.219370e-02 3.356493e-02 4.477735e-02 4.284241e-02 5.982029e-02 7.487909e-02 8.644500e-02 1.260881e-01 1.836310e-01
