2.235074e-02 3.556439e-02 4.196353e-02 5.014470e-02 5.896816e-02 7.625949e-02 9.867452e-02 1.397200e-01 2.011131e-01 2.795353e-01
2.014553e-02 3.714877e-02 3.953716e-02 5.003837e-02 6.153772e-02 7.392708e-02 9.898678e-02 1.407534e-01 2.019915e-01 2.822275e-01
1.876120e-02 3.649939e-02 3.974750e-02 4.840984e-02 5.971977e-02 7.437494e-02 1.002829e-01 1.411446e-01 1.976584e-01 2.806004e-01
1.971608e-02 3.350464e-02 4.063249e-02 4.936890e-02 6.052852e-02 7.515401e-02 9.778284e-02 1.395043e-01 2.008786e-01 2.838072e-01
1.943034e-02 3.492692e-02 4.246790e-02 4.887440e-02 6.039421e-02 7.306465e-02 9.914259e-02 1.369897e-01 2.005092e-01 2.843250e-01
2.129117e-02 3.610368e-02 4.270141e-02 4.792817e-02 5.965988e-02 7.404173e-02 9.998012e-02 1.340076e-01 1.959171e-01 2.796054e-01
2.175599e-02 3.540222e-02 4.129278e-02 4.883068e-02 6.048158e-02 7.554185e-02 9.937442e-02 1.360088e-01 1.979153e-01 2.821078e-01
1.932957e-02 3.664076e-02 4.252055e-02 4.742704e-02 6.175530e-02 7.596782e-02 9.886894e-02 1.393039e-01 2.031607e-01 2.821384e-01
1.913370e-02 3.769635e-02 4.181895e-02 4.792298e-02 6.054341e-02 7.462014e-02 1.018027e-01 1.387030e-01 2.027921e-01 2.794987e-01
1.938414e-02 3.498304e-02 4.319649e-02 4.986214e-02 6.001849e-02 7.595405e-02 1.004181e-01 1.382985e-01 2.027959e-01 2.870119e-01



