3.121766e-01 2.290021e-01 1.585970e-01 1.106506e-01 9.703270e-02 7.890590e-02 7.784859e-02 1.118481e-01 1.325878e-01 1.673431e-01
1.557306e-01 1.762791e-01 1.100700e-01 9.649166e-02 8.499279e-02 7.411501e-02 8.118665e-02 9.628274e-02 1.283266e-01 1.768828e-01
1.047980e-01 1.166099e-01 9.395430e-02 8.280364e-02 7.120801e-02 7.322291e-02 7.865091e-02 1.011405e-01 1.298269e-01 1.628313e-01
9.132566e-02 8.699785e-02 7.618004e-02 6.852149e-02 6.460737e-02 6.994579e-02 7.478591e-02 1.007414e-01 1.356607e-01 1.787728e-01
5.841192e-02 6.904732e-02 5.966905e-02 6.243212e-02 6.320554e-02 7.203102e-02 7.399470e-02 1.034094e-01 1.388779e-01 1.772428e-01
3.713180e-02 5.996969e-02 5.276550e-02 5.854053e-02 5.670419e-02 6.541328e-02 7.655314e-02 1.010349e-01 1.306015e-01 1.707349e-01
2.743076e-02 4.749577e-02 4.341965e-02 5.463757e-02 5.884278e-02 6.325395e-02 7.136452e-02 9.739786e-02 1.253043e-01 1.845761e-01
2.477470e-02 4.100166e-02 4.152673e-02 4.296223e-02 5.384461e-02 5.989441e-02 7.653369e-02 9.457788e-02 1.274995e-01 1.708374e-01
2.162101e-02 3.432352e-02 4.081818e-02 4.711918e-02 4.846318e-02 6.050058e-02 7.487324e-02 9.230894e-02 1.216802e-01 1.730386e-01
2.234099e-02 3.712120e-02 3.772150e-02 4.493435e-02 4.565577e-02 6.294794e-02 7.120996e-02 9.876432e-02 1.224782e-01 1.816107e-01
