5.273003e-02 7.032149e-02 7.112502e-02 7.142483e-02 9.097456e-02 1.149460e-01 1.732339e-01 2.340222e-01 3.396794e-01 4.829977e-01
5.104053e-02 6.546504e-02 6.533189e-02 7.018478e-02 8.886202e-02 1.091385e-01 1.488743e-01 2.341330e-01 3.473795e-01 4.608122e-01
4.390805e-02 5.844885e-02 6.007584e-02 7.501046e-02 9.168894e-02 1.046087e-01 1.601396e-01 2.170167e-01 3.640536e-01 4.737630e-01
3.706482e-02 5.844276e-02 5.965047e-02 6.902201e-02 8.857240e-02 1.154817e-01 1.557768e-01 2.208151e-01 3.639677e-01 4.787862e-01
4.314779e-02 5.597524e-02 6.593075e-02 6.497863e-02 9.100570e-02 1.117861e-01 1.520635e-01 2.386296e-01 3.426606e-01 4.986424e-01
4.100378e-02 5.966366e-02 6.114822e-02 7.075431e-02 9.137739e-02 1.037833e-01 1.585851e-01 2.316915e-01 3.349281e-01 4.689248e-01
3.448349e-02 5.338824e-02 5.827359e-02 6.586054e-02 8.324396e-02 1.160223e-01 1.507079e-01 2.211702e-01 3.463315e-01 4.672861e-01
3.137010e-02 4.190317e-02 5.501888e-02 7.302260e-02 8.557333e-02 1.036438e-01 1.613576e-01 2.159951e-01 3.358874e-01 4.510858e-01
3.001017e-02 4.550666e-02 5.617481e-02 6.834256e-02 8.741868e-02 1.134779e-01 1.508735e-01 2.279459e-01 3.524635e-01 4.824900e-01
2.970460e-02 4.726891e-02 4.956585e-02 5.737063e-02 8.093230e-02 1.223028e-01 1.454039e-01 2.280357e-01 3.454717e-01 4.984776e-01
