2.670380e-02 4.307797e-02 5.119614e-02 6.143435e-02 7.825210e-02 1.053993e-01 1.546419e-01 2.343238e-01 3.406101e-01 4.911958e-01
2.727714e-02 4.527184e-02 5.095357e-02 6.233141e-02 7.837063e-02 1.061922e-01 1.567905e-01 2.253779e-01 3.385894e-01 4.935146e-01
2.595280e-02 4.578099e-02 5.126725e-02 6.062687e-02 7.929436e-02 1.064360e-01 1.529268e-01 2.241543e-01 3.415631e-01 4.917989e-01
2.608095e-02 4.300955e-02 5.142130e-02 6.333538e-02 7.936189e-02 1.109306e-01 1.527995e-01 2.269409e-01 3.403180e-01 4.894255e-01
2.630634e-02 4.425133e-02 5.080323e-02 6.126852e-02 8.054923e-02 1.114760e-01 1.527628e-01 2.277553e-01 3.488464e-01 4.915125e-01
2.683363e-02 4.544808e-02 5.053687e-02 6.239233e-02 8.037496e-02 1.048353e-01 1.481319e-01 2.270524e-01 3.522213e-01 4.900199e-01
2.612368e-02 4.559469e-02 4.858211e-02 6.129202e-02 8.051130e-02 1.042230e-01 1.540240e-01 2.251873e-01 3.438277e-01 4.837705e-01
2.721778e-02 4.424079e-02 5.058025e-02 6.042054e-02 8.083931e-02 1.032376e-01 1.526870e-01 2.334395e-01 3.437720e-01 4.869685e-01
2.749423e-02 4.376850e-02 5.015313e-02 6.088881e-02 7.774416e-02 1.072123e-01 1.531142e-01 2.276962e-01 3.451272e-01 4.903253e-01
2.866845e-02 4.420191e-02 5.143409e-02 6.153166e-02 7.858059e-02 1.059079e-01 1.542438e-01 2.288254e-01 3.429871e-01 4.984524e-01
